0 20266 76.934978
0 45947 22.291730
0 20268 28.689993
1 22530 43.126077
2 45937 31.453812
2 45934 34.041247
3 6 23.293373
3 45943 20.634542
4 45945 45.040897
4 5 6.057702
5 4 6.057702
5 7 5.342578
6 11 12.611423
6 3 23.293373
7 10 4.561292
7 5 5.342578
8 6704 3.665702
8 15363 437.395613
8 38919 11.321975
9 43825 23.431183
9 18 295.383903
9 43819 13.126499
10 12 5.985062
10 7 4.561292
11 13 10.710447
11 6 12.611423
12 80 5.547945
12 10 5.985062
13 11 10.710447
13 15 9.867235
14 35732 183.304268
14 40319 51.701760
15 16 9.658002
15 13 9.867235
16 4456 23.841158
16 15 9.658002
17 44945 47.527922
17 45 55.505456
18 9 295.383903
18 15362 120.529045
18 37414 24.575419
19 20 9.235570
19 4469 24.814619
20 19 9.235570
20 21 3.546918
21 20 3.546918
21 22 8.222574
22 21 8.222574
22 23 14.564687
23 43936 11.578345
23 22 14.564687
24 18985 31.036303
24 311 16.495523
25 37416 20.886494
25 37417 16.077454
25 15362 187.678910
25 37418 20.207716
26 15363 179.325368
26 18062 23.689558
27 18469 54.092775
27 455 22.336389
28 18618 25.943033
28 493 11.284875
29 8288 26.405421
29 8290 11.017998
30 43028 12.612495
30 870 93.653887
31 35 9.854889
31 47 99.400701
32 994 56.988081
32 445 7.373721
33 14532 98.356524
33 276 13.091069
34 208 27.075548
34 413 25.747629
35 41 11.143741
35 31 9.854889
36 369 47.167646
36 494 19.847024
37 413 19.442814
37 197 25.074024
38 416 16.082502
38 497 13.506762
39 8290 12.931304
39 37467 12.229868
40 1438 12.914555
40 447 28.093303
41 56 88.785462
41 35 11.143741
42 44305 55.769746
42 428 46.350850
43 43408 28.092982
43 453 36.911995
44 888 39.724368
44 356 49.501145
45 17 55.505456
45 44935 61.067064
46 451 14.018534
46 476 49.934217
47 17872 408.480962
47 17847 228.266156
47 31 99.400701
48 422 23.059709
48 143 56.779124
49 22581 81.478396
50 473 14.683398
50 1652 29.024697
51 43843 78.149585
51 43839 49.214192
52 504 30.676814
52 399 22.231571
53 1652 28.670182
53 199 19.899664
54 421 15.506379
54 42854 78.460428
55 113 59.505847
55 40163 21.901966
56 41 88.785462
56 36148 8.467884
57 313 29.250792
57 467 20.763072
58 21048 41.085002
58 45507 22.335380
59 5864 13.142978
59 40135 64.363223
60 40362 25.048294
60 42883 9.809026
61 45675 16.002394
61 334 38.943913
62 36049 131.781315
62 36150 6.729133
63 1466 33.398836
63 284 26.742415
64 42860 6.778539
64 348 28.253514
65 45845 76.457876
65 37326 123.925126
66 67 11.441620
66 68 16.887508
67 73 16.664413
67 66 11.441620
68 66 16.887508
68 74 11.424266
69 70 15.781931
69 71 16.472271
70 72 15.683049
70 69 15.781931
71 69 16.472271
71 77 20.088879
72 75 14.147569
72 70 15.683049
73 67 16.664413
73 2291 8.241198
74 75 9.732880
74 68 11.424266
75 72 14.147569
75 74 9.732880
76 2291 5.368679
76 79 25.637411
77 78 19.603106
77 71 20.088879
78 82 21.278753
78 77 19.603106
79 81 12.205879
79 76 25.637411
80 12 5.547945
80 43878 49.955163
81 85 16.735157
81 79 12.205879
82 86 23.927437
82 78 21.278753
83 45483 31.970534
83 44941 26.328121
84 40395 12.044480
84 444 10.799332
85 81 16.735157
85 87 9.568883
86 82 23.927437
86 94 10.218792
87 91 11.347435
87 85 9.568883
88 1432 14.115980
88 447 28.445813
89 480 125.517712
89 45195 4.823629
90 482 72.976524
90 410 47.218287
91 96 13.319850
91 87 11.347435
92 45637 70.877946
92 43573 30.731739
93 520 111.435870
93 275 21.498849
94 106 15.239458
94 86 10.218792
95 385 16.044606
95 1471 25.373992
96 91 13.319850
96 100 9.446522
97 40968 20.460296
97 40969 16.984954
97 8301 8.429992
98 1241 47.414506
98 45484 58.810469
99 218 12.801281
99 44306 7.852873
100 96 9.446522
100 112 11.799008
101 994 9.346226
101 42851 19.973172
102 33873 53.053288
102 2764 231.925813
103 45624 52.723679
103 45691 37.679012
104 44928 43.803109
104 45651 50.528127
105 40208 34.009971
105 40162 26.986803
106 129 23.229209
106 94 15.239458
107 523 15.105124
107 1230 47.237096
108 40936 2.541093
108 40945 21.729584
108 40935 4.181701
109 302 41.148828
109 446 39.798309
110 307 34.204710
110 33387 30.953233
111 8489 24.785527
111 34301 45.300543
112 100 11.799008
112 149 20.088205
113 372 27.757764
113 55 59.505847
114 40362 25.860341
114 398 41.697358
115 40881 48.405194
115 441 14.579231
116 851 58.943117
116 42972 11.887340
117 993 19.185536
117 499 27.191047
118 40212 29.181031
118 198 22.136444
119 120 56.447546
119 121 178.592444
120 124 65.750354
120 119 56.447546
121 123 225.336235
121 119 178.592444
122 490 13.855795
122 283 30.209651
123 121 225.336235
123 125 200.612915
124 120 65.750354
124 126 137.729224
125 123 200.612915
125 34739 162.027410
125 134 319.532713
126 34746 28.461818
126 34747 55.522351
126 124 137.729224
126 127 32.547548
127 128 98.248545
127 126 32.547548
128 36083 109.853525
128 127 98.248545
129 106 23.229209
129 173 16.215969
129 18151 52.445589
130 131 146.816321
130 36083 121.729665
131 130 146.816321
131 133 51.038949
132 328 32.121515
132 45411 10.348582
133 131 51.038949
133 135 72.166229
134 137 119.527113
134 125 319.532713
135 136 43.893502
135 133 72.166229
136 140 193.316408
136 135 43.893502
137 138 37.864766
137 134 119.527113
138 137 37.864766
138 139 40.094508
139 138 40.094508
139 1031 100.602470
140 136 193.316408
140 142 264.897943
141 36120 60.912247
141 1667 99.727870
141 32382 158.386614
142 144 124.518767
142 147 183.246917
142 140 264.897943
143 48 56.779124
143 197 21.082252
144 146 102.737449
144 142 124.518767
145 1266 434.024555
145 341 127.311901
146 144 102.737449
146 148 63.028359
147 142 183.246917
148 146 63.028359
148 150 71.351787
149 112 20.088205
149 2309 34.914627
150 153 58.401452
150 148 71.351787
151 40385 24.356836
151 404 20.323863
152 44313 41.589618
152 45510 22.553162
153 154 59.841729
153 150 58.401452
154 153 59.841729
154 155 56.643001
155 154 56.643001
155 156 23.570292
156 155 23.570292
156 28284 403.909514
156 157 57.446037
157 156 57.446037
157 158 106.412622
158 157 106.412622
158 159 79.514262
159 160 113.726209
159 158 79.514262
160 161 87.086207
160 159 113.726209
161 160 87.086207
161 162 43.985042
162 161 43.985042
162 163 32.407180
163 162 32.407180
163 164 40.766472
164 163 40.766472
164 165 52.373231
165 164 52.373231
165 167 134.556633
166 17602 42.666922
166 17603 13.216877
167 168 70.579644
167 165 134.556633
168 169 110.771569
168 167 70.579644
169 168 110.771569
169 28289 59.714248
170 28289 132.601514
170 171 110.874632
171 170 110.874632
171 172 75.946554
172 171 75.946554
172 755 47.449966
173 129 16.215969
173 207 17.030290
174 755 51.019509
174 175 45.610147
175 176 68.316087
175 174 45.610147
176 177 71.113961
176 175 68.316087
177 176 71.113961
177 180 162.246644
178 6309 179.372861
178 28327 48.150115
179 22714 10.667417
179 203 30.983083
179 13140 135.662158
180 177 162.246644
180 181 92.549325
180 6329 146.366114
181 180 92.549325
181 182 91.787196
182 6324 28.824059
182 181 91.787196
183 184 70.997703
183 7355 12.030620
183 6324 96.431296
184 185 76.648779
184 183 70.997703
185 184 76.648779
185 6292 16.114993
186 187 47.140680
186 6292 30.121756
187 35672 42.242501
187 186 47.140680
188 35673 19.333738
188 189 52.462180
189 188 52.462180
189 190 50.079844
190 189 50.079844
190 191 51.776101
191 35686 45.946231
191 190 51.776101
192 24525 241.512998
192 24527 96.361925
193 517 47.343317
193 342 65.412344
194 1588 18.092783
194 1270 13.096235
195 354 23.064792
195 18471 50.171421
196 481 11.237225
196 308 27.619502
197 37 25.074024
197 143 21.082252
198 13266 57.953615
198 118 22.136444
199 515 15.807054
199 53 19.899664
200 1266 11.276081
200 21179 208.659029
201 312 48.785172
201 341 125.758751
202 379 22.603489
202 855 19.878807
203 179 30.983083
203 335 42.963286
204 313 65.697458
204 1174 10.034446
205 408 13.575028
205 424 58.653847
206 1592 6.050253
206 993 9.549070
207 210 6.648235
207 252 40.038913
207 173 17.030290
208 416 25.936428
208 34 27.075548
209 42670 69.063267
209 670 45.002637
210 220 16.289214
210 207 6.648235
211 40377 263.692486
211 212 150.098102
211 40367 262.305263
212 42888 264.363156
212 211 150.098102
212 11125 166.082313
212 42887 254.924999
213 28618 26.991481
213 28614 27.853282
213 214 153.834083
214 213 153.834083
215 42898 83.597072
215 219 14.631407
215 42895 69.564772
216 419 10.481497
216 325 11.354189
217 24584 16.271488
217 277 12.307052
218 40162 16.425394
218 99 12.801281
219 227 56.437320
219 215 14.631407
220 224 10.690641
220 210 16.289214
221 409 38.858484
221 347 14.116299
222 388 28.492379
222 477 13.469654
223 42795 12.691971
224 220 10.690641
224 231 14.692301
225 348 11.832972
225 40318 5.323131
226 865 32.340602
226 19997 19.111358
227 234 58.019557
227 219 56.437320
228 865 29.103666
228 229 23.379937
229 228 23.379937
229 230 37.204267
230 872 53.575721
230 229 37.204267
231 224 14.692301
231 239 12.044480
232 872 39.497719
232 873 42.996334
233 235 17.231914
233 237 36.516890
234 227 58.019557
234 237 32.372654
235 240 23.218918
235 233 17.231914
236 291 28.448983
236 2309 23.682514
237 233 36.516890
237 234 32.372654
238 8489 144.716905
238 420 34.388383
239 242 5.606159
239 231 12.044480
240 235 23.218918
240 42919 31.064767
241 889 4.066902
241 8591 82.208847
242 244 4.935445
242 239 5.606159
243 889 4.298679
243 892 4.158994
244 242 4.935445
244 246 6.243910
245 797 113.763236
245 894 5.474308
246 250 10.798914
246 244 6.243910
247 248 6.349892
247 894 4.700533
248 796 6.152243
248 247 6.349892
249 797 5.545507
249 798 3.850481
250 262 20.848246
250 246 10.798914
251 12641 4.216065
251 794 89.057975
252 256 5.128995
252 253 7.274599
252 207 40.038913
253 252 7.274599
253 254 5.397160
254 257 3.901667
254 253 5.397160
255 8592 56.739800
255 12660 22.365440
256 252 5.128995
256 263 4.733989
257 266 3.239967
257 254 3.901667
258 259 4.163329
258 12667 5.148300
259 258 4.163329
259 24588 5.414677
260 12689 3.264922
260 261 3.680434
261 260 3.680434
261 12663 172.351114
262 250 20.848246
262 2339 8.428387
263 256 4.733989
263 273 4.956414
264 265 4.405398
264 24594 31.128134
265 264 4.405398
265 992 3.467202
266 257 3.239967
266 270 3.352147
267 992 5.268638
267 24595 4.599684
268 36784 26.506153
268 269 8.064209
269 996 6.349892
269 268 8.064209
270 280 4.778547
270 266 3.352147
271 42948 33.771544
271 42951 15.791928
272 997 6.032340
272 24597 7.616177
273 286 4.595761
273 263 4.956414
274 40874 51.963355
274 347 100.088936
275 401 26.415324
275 93 21.498849
276 33 13.091069
276 476 12.251234
277 217 12.307052
277 462 38.814015
278 30049 99.800233
279 393 9.994823
279 374 73.944891
280 293 5.945756
280 270 4.778547
281 40562 40.683209
281 1351 19.104986
282 38043 86.393192
282 38030 24.459367
283 122 30.209651
283 40884 43.815564
284 42628 44.178271
284 63 26.742415
285 45827 286.068364
285 22942 66.871616
285 45838 49.132487
286 273 4.595761
286 295 3.398902
287 490 13.481700
287 44507 39.519633
288 1118 11.018407
288 40206 29.779547
289 2339 9.092877
289 309 18.672660
290 408 76.773572
290 463 29.731812
291 315 15.099750
291 236 28.448983
292 37840 78.714039
292 36847 52.128228
293 280 5.945756
293 296 6.490363
294 322 9.791542
294 510 37.392380
295 297 5.093707
295 286 3.398902
296 297 6.034582
296 293 6.490363
297 296 6.034582
297 295 5.093707
298 40251 27.290531
298 419 57.227722
299 44963 13.309012
299 45583 15.874234
300 41136 11.791744
300 4001 384.933733
301 38090 11.666802
301 306 11.551051
302 435 20.545409
302 109 41.148828
303 405 26.841042
303 654 35.699805
304 8835 34.106091
304 421 4.527555
305 840 35.427710
305 1573 15.795640
306 301 11.551051
306 38093 102.499507
307 40245 9.034670
307 110 34.204710
308 1289 23.060686
308 196 27.619502
309 289 18.672660
309 326 11.647848
310 426 33.676746
310 461 39.961580
311 24 16.495523
311 14532 28.610985
312 201 48.785172
313 57 29.250792
313 204 65.697458
314 811 580.753098
314 37644 38.356850
315 42984 4.380764
315 291 15.099750
315 42982 3.792664
316 470 80.550840
316 1118 35.737425
317 432 77.363050
317 42625 15.400751
318 21048 61.554969
318 36242 35.052415
318 434 14.493305
319 436 14.303522
319 28118 25.084991
320 444 80.218926
320 845 72.385711
321 34344 25.931733
321 412 20.944057
322 40886 29.369253
322 294 9.791542
323 40881 17.279212
323 427 14.306044
324 489 10.833932
324 34668 9.546709
325 216 11.354189
325 381 14.578921
326 338 15.038107
326 309 11.647848
327 855 14.093922
327 487 28.970582
328 44289 7.640413
328 132 32.121515
329 23261 9.586773
329 439 7.317861
330 24584 37.451664
330 481 50.882510
331 13266 19.733099
331 482 27.212763
332 10228 16.333997
332 822 62.993222
333 393 66.129471
333 415 27.776115
334 61 38.943913
334 871 10.650496
335 22888 36.640041
335 203 42.963286
335 34005 193.982437
336 380 19.477108
336 646 20.215525
337 652 62.821406
337 40709 22.449758
338 346 10.643296
338 326 15.038107
339 14616 15.309717
339 5513 10.484078
340 1225 72.061806
340 491 12.455280
341 201 125.758751
341 145 127.311901
342 856 7.632737
342 193 65.412344
343 41123 9.129500
343 445 30.626797
344 376 12.449849
344 495 22.787865
345 351 14.402797
345 43003 5.067080
345 42999 4.859022
346 338 10.643296
346 358 21.943309
347 274 100.088936
347 221 14.116299
348 64 28.253514
348 225 11.832972
349 42795 40.802405
349 1359 17.901614
350 432 32.212352
350 43028 57.102460
351 345 14.402797
351 359 17.534631
352 842 12.346559
352 415 61.646469
353 456 29.026561
353 40202 23.097223
354 506 10.345531
354 195 23.064792
355 898 5.971485
355 43439 11.561587
356 44 49.501145
356 20789 64.649336
357 37600 37.104385
357 44442 53.798882
358 361 10.793067
358 346 21.943309
359 360 6.733823
359 351 17.534631
360 362 6.104417
360 359 6.733823
361 363 11.802065
361 358 10.793067
362 360 6.104417
362 364 42.264271
363 361 11.802065
363 365 10.684734
364 362 42.264271
364 366 37.789070
365 363 10.684734
365 367 9.323039
366 368 14.449058
366 364 37.789070
367 368 10.410705
367 365 9.323039
368 366 14.449058
368 367 10.410705
369 474 34.003341
369 36 47.167646
370 22881 21.642878
370 8794 10.446593
370 8799 10.392497
371 42665 30.851821
371 471 17.319874
372 113 27.757764
372 513 19.838616
373 43456 67.060693
373 38774 16.353310
374 473 17.815514
374 279 73.944891
375 449 37.128075
375 10228 23.808794
376 344 12.449849
376 435 14.301946
377 1029 107.891388
377 1023 39.024070
378 410 33.710337
378 475 33.341136
379 202 22.603489
379 474 59.764670
380 336 19.477108
380 1588 38.484775
381 325 14.578921
381 477 22.136241
382 4512 176.054232
382 45513 34.123539
383 995 11.567825
383 1471 33.991670
384 34344 26.668797
384 479 67.773685
385 40212 16.728150
385 95 16.044606
386 388 17.094773
386 23261 30.685632
387 43561 51.793865
387 45574 17.952172
388 386 17.094773
388 222 28.492379
389 23179 136.075909
389 414 226.774094
390 4001 105.127867
390 21179 169.532122
391 40385 8.872506
391 863 24.994049
392 489 12.346924
392 40079 28.313937
393 333 66.129471
393 279 9.994823
394 496 28.031922
394 851 31.582857
395 38190 61.676086
395 1182 131.600730
396 45841 40.095296
396 44321 63.135010
397 1433 11.559636
397 42671 47.092637
398 114 41.697358
398 452 53.906561
398 45038 23.604129
399 52 22.231571
399 494 16.935236
400 496 38.075676
400 517 64.590511
401 842 44.908654
401 275 26.415324
402 42628 47.315688
402 1295 51.102608
403 40254 19.468540
403 431 27.850368
404 856 18.821546
404 151 20.323863
405 1573 28.882352
405 303 26.841042
406 44676 9.208677
406 893 4.303921
407 43408 24.846761
408 290 76.773572
408 205 13.575028
409 40980 28.050575
409 221 38.858484
410 378 33.710337
410 90 47.218287
411 5513 13.506428
411 14289 15.803060
412 321 20.944057
412 43420 17.317792
413 34 25.747629
413 37 19.442814
414 389 226.774094
414 437 71.206983
415 352 61.646469
415 333 27.776115
416 208 25.936428
416 38 16.082502
417 38056 27.311837
417 37881 52.740354
418 44306 19.596665
418 42851 25.581419
419 216 10.481497
419 298 57.227722
420 1012 38.391279
420 238 34.388383
421 304 4.527555
421 54 15.506379
422 48 23.059709
422 630 34.944318
423 440 21.943515
423 40202 12.414303
424 20804 48.243673
424 205 58.653847
425 6016 46.803827
425 31239 52.746937
426 28118 16.425943
426 310 33.676746
427 323 14.306044
428 42 46.350850
428 45602 60.737365
429 465 12.397220
429 42854 40.148118
430 43424 67.826359
430 999 85.822184
431 1001 35.314251
431 403 27.850368
432 317 77.363050
432 350 32.212352
433 22579 51.165307
433 485 79.649682
434 44497 54.771816
434 318 14.493305
435 376 14.301946
435 302 20.545409
436 840 19.108998
436 319 14.303522
437 459 37.535849
437 414 71.206983
438 44324 26.289729
438 39334 26.317501
439 329 7.317861
439 492 78.984364
440 40245 28.595536
440 423 21.943515
441 115 14.579231
441 484 34.943931
442 34425 76.612885
442 697 100.582388
443 446 52.742150
443 470 72.624153
444 320 80.218926
444 84 10.799332
445 32 7.373721
445 343 30.626797
446 443 52.742150
446 109 39.798309
447 88 28.445813
447 40 28.093303
448 22665 105.194587
448 38118 72.860020
449 1239 37.584591
449 375 37.128075
450 1438 20.578742
450 43439 9.532055
451 46 14.018534
451 1239 35.950155
452 398 53.906561
452 487 49.569326
453 43 36.911995
453 40252 34.197854
454 1010 38.971692
454 43420 24.215728
455 27 22.336389
455 41123 26.785377
456 353 29.026561
456 40079 11.185744
457 38034 62.831167
457 37908 23.279044
457 38050 61.367371
458 45566 13.244142
458 45503 167.424037
459 437 37.535849
459 45630 128.295179
460 45700 21.680347
460 44318 59.498496
461 310 39.961580
461 1359 68.031675
462 1266 35.344883
462 277 38.814015
463 290 29.731812
463 43014 51.659618
464 4992 18.816035
464 30935 16.891246
465 1667 291.023815
465 429 12.397220
466 45672 33.952912
466 42654 22.722075
467 57 20.763072
467 43433 45.594425
468 6048 53.907481
468 36481 226.163409
468 38119 71.380788
469 44290 47.243109
469 44957 18.320390
470 443 72.624153
470 316 80.550840
471 14289 23.668611
471 371 17.319874
472 22546 47.366741
472 22542 34.785238
473 50 14.683398
473 374 17.815514
474 369 34.003341
474 379 59.764670
475 378 33.341136
475 11356 65.286555
476 276 12.251234
476 46 49.934217
477 381 22.136241
477 222 13.469654
478 28769 114.012554
478 37910 56.690268
478 1167 110.656389
479 384 67.773685
479 42671 13.855795
480 89 125.517712
480 42670 71.313226
481 330 50.882510
481 196 11.237225
482 90 72.976524
482 331 27.212763
483 42665 8.418216
483 493 31.912089
484 441 34.943931
484 42883 39.610807
485 433 79.649682
485 40886 56.660511
486 45505 15.308539
486 37245 33.941622
487 452 49.569326
487 327 28.970582
488 3594 13.787611
488 38122 39.007775
489 392 12.346924
489 324 10.833932
490 122 13.855795
490 287 13.481700
491 33305 12.909317
491 340 12.455280
492 646 57.453101
492 439 78.984364
493 483 31.912089
493 28 11.284875
494 36 19.847024
494 399 16.935236
495 344 22.787865
495 40884 27.395415
496 400 38.075676
496 394 28.031922
496 515 23.797239
497 500 20.868999
497 38 13.506762
498 38213 86.989950
498 37807 34.337206
499 117 27.191047
499 45399 13.203565
500 497 20.868999
500 42801 12.313279
501 521 5.879406
501 8711 5.879406
502 37034 228.342216
502 38019 66.157081
502 26663 298.750259
503 45427 42.110785
503 44853 8.370407
504 52 30.676814
504 5487 12.953950
505 37820 18.353096
505 38215 28.651145
506 1225 59.708056
506 354 10.345531
507 37856 56.510619
507 37825 55.366852
507 38005 111.393091
507 838 82.021154
508 10482 86.890628
508 8251 99.558985
509 37929 122.532398
509 36846 19.533285
510 1432 18.031620
510 294 37.392380
511 34422 88.771545
511 839 198.798046
512 37833 380.279963
512 37932 192.968009
513 372 19.838616
513 847 18.816514
514 38027 120.356454
514 37836 32.037599
515 496 23.797239
515 199 15.807054
516 37890 224.110233
516 38197 24.876325
516 37910 54.466769
517 400 64.590511
517 193 47.343317
518 37840 87.207233
518 37936 70.382018
519 1592 8.864879
519 1339 14.028181
520 42860 72.611548
520 93 111.435870
521 22715 5.875570
521 501 5.879406
522 43417 16.178107
522 5487 11.277680
523 21074 21.823178
523 107 15.105124
524 3541 130.227661
524 38157 98.840195
525 38282 36.877774
526 8203 13.625424
526 8204 28.846108
527 528 18.871312
527 38158 23.920651
528 38161 17.478997
528 527 18.871312
529 31016 75.516544
529 38165 128.821060
530 37105 20.215971
530 11132 41.517347
531 5698 17.038496
531 43014 39.745816
532 38328 48.300001
532 37962 25.105655
533 577 15.089593
533 619 23.197741
534 609 15.587878
534 620 11.852010
535 580 46.277342
535 622 16.645191
536 581 22.887771
536 622 21.332087
536 623 89.812688
537 593 10.557796
537 558 15.592506
538 625 16.864797
538 23074 117.496470
538 575 38.180577
539 594 38.178805
539 559 23.274201
540 592 56.060707
540 628 97.256874
541 596 33.532498
541 573 62.960286
541 36662 46.300527
542 26729 34.577079
542 35413 39.106831
542 4873 33.195838
543 21484 37.821036
543 21526 26.957713
544 636 167.990068
544 566 120.661447
545 4861 18.196661
545 23102 24.250710
546 568 115.124770
546 603 19.304328
547 4392 21.143548
547 25673 32.410519
547 38744 14.654195
548 587 18.942146
548 639 36.619360
549 608 21.748045
549 38632 49.396916
549 8829 19.619891
550 640 20.149840
550 625 10.887491
551 635 43.554002
551 588 16.885639
551 629 174.786589
552 3613 112.642541
553 610 15.760202
553 572 8.664752
554 4881 54.326512
554 8452 157.569939
555 641 179.045307
555 582 40.022692
556 35360 108.614131
556 35363 24.579456
557 576 71.331498
557 35432 48.594116
557 35410 44.801088
558 537 15.592506
558 597 18.395551
559 539 23.274201
559 23103 27.634355
560 624 57.074420
560 579 108.924266
561 4873 38.118405
561 599 112.272407
562 35386 55.892992
562 34071 156.844200
563 600 187.711271
563 38694 64.090327
564 35417 42.023532
564 5750 58.965298
565 632 23.344423
565 583 29.221797
566 544 120.661447
566 5750 58.210818
567 592 36.550462
567 23102 55.010538
568 546 115.124770
568 605 14.569330
569 624 66.708978
569 621 14.309511
569 607 37.076788
570 586 19.953973
570 635 20.776315
571 611 13.618141
571 7755 23.602601
572 553 8.664752
572 613 7.378000
573 6089 43.212043
573 642 17.601366
573 541 62.960286
574 8712 79.552645
574 644 168.968641
575 538 38.180577
575 620 12.283948
575 36661 357.497530
576 557 71.331498
576 623 79.777241
577 593 108.780066
577 533 15.089593
578 594 61.198431
578 27487 98.625863
579 560 108.924266
579 628 71.843844
580 36662 75.909556
580 590 89.851439
580 535 46.277342
581 536 22.887771
581 596 19.677493
582 592 59.694612
582 555 40.022692
583 38632 72.288717
583 595 21.250974
583 565 29.221797
584 601 128.927951
584 4871 25.887702
585 603 15.357357
585 615 14.489260
586 570 19.953973
586 639 77.359960
587 608 15.862868
587 548 18.942146
588 612 17.603927
588 551 16.885639
589 10061 46.849375
589 22686 89.391673
590 618 44.814070
590 580 89.851439
590 615 23.522608
591 8712 266.312807
591 11511 57.498055
591 38621 268.216279
591 4879 183.708753
592 540 56.060707
592 582 59.694612
592 567 36.550462
593 577 108.780066
593 537 10.557796
594 578 61.198431
594 539 38.178805
595 621 78.345460
595 583 21.250974
596 541 33.532498
596 581 19.677493
597 624 23.849668
597 558 18.395551
598 36353 28.001825
598 35389 47.323502
598 35391 44.547540
599 561 112.272407
599 635 54.444578
600 632 23.407308
600 563 187.711271
600 638 15.552547
601 584 128.927951
601 619 32.388808
602 23011 52.152097
602 38740 29.950614
603 585 15.357357
603 546 19.304328
604 23053 47.906858
604 25679 64.382486
605 568 14.569330
605 636 22.237453
606 4395 72.352688
606 38740 18.947620
607 569 37.076788
607 638 21.962412
608 587 15.862868
608 549 21.748045
609 40200 62.571336
609 640 39.484246
609 534 15.587878
610 553 15.760202
610 612 94.730912
611 13410 15.453947
611 571 13.618141
612 610 94.730912
612 588 17.603927
613 642 15.266064
613 572 7.378000
614 23073 290.246222
614 22686 170.758817
615 585 14.489260
615 590 23.522608
616 44908 36.624039
616 2452 34.980302
617 644 208.661860
617 34071 16.817941
618 35363 146.208726
618 590 44.814070
619 601 32.388808
619 636 70.294255
619 533 23.197741
620 534 11.852010
620 575 12.283948
621 569 14.309511
621 595 78.345460
622 536 21.332087
622 535 16.645191
623 536 89.812688
623 576 79.777241
624 560 57.074420
624 569 66.708978
624 597 23.849668
625 538 16.864797
625 550 10.887491
626 31480 23.878766
626 31479 108.002627
626 33205 83.934699
626 37367 33.081539
627 40329 8.321241
627 35386 39.645285
628 579 71.843844
628 540 97.256874
629 35417 78.927025
629 551 174.786589
630 1442 50.976891
630 422 34.944318
631 29230 206.208816
631 35382 239.280019
632 600 23.407308
632 565 23.344423
633 8961 45.559402
633 37033 38.435885
634 7664 9.853973
634 4395 29.415890
635 570 20.776315
635 599 54.444578
635 551 43.554002
636 544 167.990068
636 619 70.294255
636 605 22.237453
637 1125 321.122784
637 10654 208.660002
638 600 15.552547
638 607 21.962412
639 586 77.359960
639 548 36.619360
640 609 39.484246
640 550 20.149840
640 23073 126.962195
641 7760 57.485741
641 4841 40.184491
641 555 179.045307
642 613 15.266064
642 573 17.601366
643 11513 56.871648
643 8719 116.643124
644 617 208.661860
644 574 168.968641
645 648 42.433782
645 8961 83.187693
646 336 20.215525
646 492 57.453101
647 38083 45.454468
647 37989 72.492280
648 651 30.233673
648 645 42.433782
649 37492 170.757180
649 38686 17.862529
650 38894 163.029440
650 806 128.987814
651 648 30.233673
651 653 33.645399
652 1272 62.448490
652 337 62.821406
653 651 33.645399
653 655 54.323607
654 1230 19.882436
654 303 35.699805
655 656 30.163942
655 653 54.323607
656 658 35.979744
656 655 30.163942
657 18492 68.804034
657 2621 100.104928
658 656 35.979744
658 8386 9.944166
659 17923 33.590943
659 2621 58.426308
660 5740 76.358319
660 34765 20.382794
661 28457 559.122019
661 37011 698.225319
661 37012 1176.810977
662 38179 12.050469
662 38181 13.992778
663 664 83.143559
663 2625 74.370832
663 18491 72.788875
664 665 33.290923
664 663 83.143559
665 664 33.290923
665 666 19.330006
666 672 61.728484
666 665 19.330006
666 667 86.562082
667 666 86.562082
667 34628 24.413789
668 5740 44.146619
668 34767 39.295820
669 17923 24.850028
669 34767 21.187223
670 209 45.002637
670 45273 17.572650
671 18491 87.605961
671 18492 88.656114
672 42656 11.530343
672 673 96.785093
672 666 61.728484
673 672 96.785093
673 3705 29.703134
673 18491 23.531808
674 25717 128.418626
674 687 68.739844
675 8209 23.109909
676 40204 24.171743
676 41119 28.617603
677 19233 82.018076
677 38895 165.800417
678 4569 17.429912
678 4570 34.071699
679 680 10.813936
679 32299 134.049286
679 16221 37.925927
680 681 10.565481
680 679 10.813936
681 680 10.565481
681 682 25.429554
682 681 25.429554
682 683 22.034154
682 16222 175.265702
683 682 22.034154
683 684 8.343969
684 683 8.343969
684 16221 6.768554
685 18576 49.072337
685 16227 66.871953
685 686 68.673032
686 685 68.673032
687 674 68.739844
687 690 90.487540
688 22881 144.496570
688 750 80.562091
689 45540 22.354349
689 44934 15.321788
690 25731 127.114857
690 687 90.487540
691 45684 185.447147
691 695 88.441880
692 696 222.074095
692 24650 148.633337
693 767 85.881115
693 37775 138.313922
694 30072 130.637535
694 30076 306.792616
695 801 20.789333
695 691 88.441880
695 703 44.335584
696 704 177.920759
696 692 222.074095
697 442 100.582388
697 802 107.189225
698 32788 226.103707
698 20246 81.801010
698 20247 32.759519
699 32788 49.158636
699 700 81.068108
700 699 81.068108
700 701 26.917036
701 700 26.917036
701 702 21.313055
702 24890 17.729249
702 701 21.313055
702 24887 59.570299
703 45701 125.696884
703 695 44.335584
704 696 177.920759
704 720 21.532590
704 4730 31.722892
704 4732 92.961666
705 707 25.245896
705 735 30.341907
706 725 31.618387
706 41245 52.400689
707 705 25.245896
707 3121 25.693281
708 41252 27.395086
708 733 25.208360
709 22104 61.214271
709 41249 117.645509
709 759 40.272257
710 760 41.383215
710 727 13.564062
711 754 19.924801
711 41252 28.305335
712 3157 41.702116
712 41254 71.595058
713 41260 22.881269
713 41247 32.231105
714 41248 15.060279
714 728 12.351306
715 41249 21.550174
715 747 25.615593
716 728 46.700530
716 760 17.396248
717 41263 39.118821
717 36239 54.247603
718 41264 73.138974
718 41266 59.600720
719 745 37.523474
719 723 59.175603
720 704 21.532590
720 4729 21.059140
720 4731 104.561233
721 41265 14.591597
721 726 33.108925
722 41256 36.499722
722 41253 52.763092
723 41259 54.748513
723 719 59.175603
724 732 22.208234
724 748 37.174683
725 706 31.618387
725 739 26.845073
726 721 33.108925
726 3127 29.284071
727 22104 101.367760
727 710 13.564062
728 714 12.351306
728 716 46.700530
729 742 41.259577
730 41233 36.349931
730 748 32.870411
731 7288 64.224006
731 35789 40.020439
731 35790 16.433079
732 763 39.770540
732 724 22.208234
733 739 26.091564
733 708 25.208360
734 749 9.559925
734 742 24.099067
735 705 30.341907
735 36698 33.492536
736 752 23.573544
736 738 23.569718
737 44666 40.789473
737 32995 35.169668
738 736 23.569718
738 756 45.913441
739 725 26.845073
739 733 26.091564
740 41265 43.007449
740 36239 14.113424
741 44867 20.749603
741 29814 29.551851
741 8398 62.020790
742 729 41.259577
742 734 24.099067
743 32995 18.925236
743 41260 35.959310
743 3127 21.106621
744 41233 37.230922
744 41244 31.846600
745 41257 22.725845
745 719 37.523474
746 757 9.817756
746 751 31.203659
747 715 25.615593
747 7284 50.106398
748 730 32.870411
748 724 37.174683
749 41248 18.101255
749 734 9.559925
750 688 80.562091
750 34661 67.643688
751 746 31.203659
751 22109 39.338025
752 736 23.573544
752 3121 35.984381
753 8400 63.780219
753 8398 57.706596
754 41256 57.723785
754 711 19.924801
755 172 47.449966
755 174 51.019509
756 738 45.913441
756 41259 108.748931
757 746 9.817756
757 758 63.518023
758 32995 35.192483
758 757 63.518023
759 709 40.272257
760 716 17.396248
760 710 41.383215
761 22008 68.888066
761 41232 135.472633
761 41227 94.102412
762 41208 25.739922
762 41223 32.138356
763 36242 56.880528
763 44315 26.845409
763 732 39.770540
764 8400 58.529018
764 765 48.415905
765 8403 50.275120
765 764 48.415905
766 33809 99.466457
766 45714 32.506652
766 45706 7.081111
767 1304 181.072151
767 693 85.881115
768 16194 14.260900
768 773 11.700379
769 771 87.836044
769 8407 87.890444
770 37960 37.553504
770 38016 79.430288
771 769 87.836044
771 8406 159.857493
772 16202 11.484889
772 16194 10.801419
773 768 11.700379
773 16203 10.627185
774 32322 30.784662
774 32325 31.262707
775 10016 93.728293
775 12990 16.152165
776 18737 104.628400
777 32329 37.040772
777 32325 32.970127
778 779 96.204662
778 780 5.406342
778 14759 74.249045
779 778 96.204662
780 778 5.406342
780 18749 3.364232
781 18749 2.995543
781 782 4.128525
782 781 4.128525
782 18750 53.631913
783 784 3.481478
783 18750 4.673595
784 785 4.006582
784 783 3.481478
785 784 4.006582
785 18751 33.398836
786 787 224.468210
786 3491 52.236071
787 786 224.468210
787 788 7.441290
788 787 7.441290
788 789 6.573204
789 788 6.573204
789 790 7.396312
790 789 7.396312
790 791 5.217898
791 793 8.991144
791 790 5.217898
792 793 5.689194
792 794 178.807810
793 792 5.689194
793 791 8.991144
794 792 178.807810
794 251 89.057975
794 885 80.937235
795 29657 54.381182
795 796 78.246575
795 8597 53.849399
796 248 6.152243
796 795 78.246575
797 249 5.545507
797 245 113.763236
798 800 3.275952
798 249 3.850481
799 800 4.937272
799 8653 117.234830
800 798 3.275952
800 799 4.937272
801 24551 24.369051
801 695 20.789333
802 697 107.189225
802 1119 94.927819
803 6827 44.462331
803 804 28.721409
804 803 28.721409
804 32405 31.282173
805 33729 13.252651
805 45684 29.161554
806 38896 47.613327
806 650 128.987814
806 40419 183.403352
807 38216 57.314408
807 32406 57.610326
808 38218 107.161331
808 38220 101.091855
809 45684 20.500368
809 29981 10.994236
810 19353 44.904235
810 27907 12.954646
811 40529 132.908399
811 314 580.753098
812 813 21.828343
812 20791 21.888580
813 812 21.828343
813 814 17.373683
814 813 17.373683
814 815 17.952423
815 41321 14.889244
815 814 17.952423
816 38228 25.044874
816 38231 31.646470
817 33418 25.878643
817 41323 18.111963
817 41268 34.209324
817 21039 47.015494
818 819 43.881481
818 41268 40.160583
819 818 43.881481
819 33374 34.968311
820 821 21.260521
820 4790 33.336132
821 820 21.260521
821 40591 14.894391
822 332 62.993222
822 8831 41.370791
823 824 248.049369
823 29345 39.730724
823 39733 165.795385
824 825 23.569144
824 823 248.049369
825 824 23.569144
825 18072 20.855599
826 38233 51.666077
826 38231 40.820967
827 25768 559.229431
827 25769 75.021828
827 18072 696.830514
828 39710 93.120484
829 22713 224.988297
829 39481 111.912452
830 3936 159.584606
830 22713 53.811201
831 38233 81.119375
831 38235 65.719898
832 3936 171.448173
832 833 102.275076
833 832 102.275076
833 834 119.723538
834 833 119.723538
834 835 170.022435
835 834 170.022435
835 836 70.056637
836 835 70.056637
837 30016 48.568034
837 45858 7.569261
838 38011 65.869713
838 507 82.021154
838 37941 55.566514
838 38277 56.404953
839 882 16.795673
839 511 198.798046
840 305 35.427710
840 436 19.108998
841 37993 171.887041
841 8774 137.241656
842 352 12.346559
842 401 44.908654
843 38184 205.546053
843 38033 104.270729
844 29985 11.019635
844 30017 182.225185
844 33729 96.311702
845 320 72.385711
845 1472 11.061294
846 41089 232.837423
846 9001 297.948958
846 8902 268.681024
846 38241 501.423913
847 513 18.816514
847 1436 9.336089
848 38240 220.992154
848 30657 41.896187
849 42660 49.178445
849 999 46.301014
850 41089 108.981297
850 38246 92.076439
851 394 31.582857
851 116 58.943117
852 853 399.125607
852 8902 308.113664
853 41084 58.803261
853 852 399.125607
853 41085 90.625121
854 32825 87.056430
854 6701 59.264690
855 202 19.878807
855 327 14.093922
856 404 18.821546
856 342 7.632737
857 38008 110.434817
857 38315 41.143130
858 36940 40.558993
858 38268 144.033696
859 38043 89.478494
859 38012 34.435293
860 38253 109.386193
860 28063 91.703938
861 29988 9.868149
862 13140 159.885218
862 13142 103.281652
863 14364 19.193290
863 391 24.994049
864 9317 34.778108
864 10366 52.467337
865 226 32.340602
865 228 29.103666
866 18449 36.959363
866 18445 29.987326
867 18453 35.741841
867 18445 43.031872
868 24680 22.426848
868 24681 16.497983
869 17632 25.071506
869 18453 43.157328
870 40257 41.316695
870 30 93.653887
871 334 10.650496
871 44359 37.953382
872 232 39.497719
872 230 53.575721
873 232 42.996334
873 875 37.195055
874 38052 42.880502
874 38286 51.409987
875 873 37.195055
875 876 63.787429
876 875 63.787429
876 877 106.652530
877 876 106.652530
877 878 33.928467
878 877 33.928467
878 42862 57.136485
879 4859 104.106701
879 15357 21.192543
879 16983 7.578191
880 29989 110.688007
881 888 142.055221
881 8517 44.863146
882 40419 9.533474
882 839 16.795673
883 32595 59.003828
883 32878 39.613312
884 38056 34.022167
884 32842 45.241477
885 794 80.937235
885 8594 29.483108
886 37816 55.528604
886 37856 59.890763
886 38202 62.271622
886 38029 110.295045
887 9050 35.181718
887 4356 84.634099
888 881 142.055221
888 44 39.724368
889 241 4.066902
889 243 4.298679
890 33305 27.518258
890 18618 35.870922
891 5425 471.683795
891 32747 35.681486
891 12150 204.411998
892 243 4.158994
892 8598 38.422978
893 1253 5.696323
893 406 4.303921
894 245 5.474308
894 247 4.700533
895 22323 31.037756
895 38191 61.114746
896 8363 179.483085
896 28911 251.180357
897 32598 75.375075
897 9327 8.762557
898 355 5.971485
898 34668 22.342243
899 25292 699.754696
899 1149 62.524116
899 45559 71.359559
900 1152 22.633194
900 902 338.698845
900 1151 93.209201
901 904 29.962806
901 23924 26.775949
902 906 338.431742
902 900 338.698845
903 905 20.638038
903 23924 47.008588
904 908 20.645465
904 901 29.962806
905 907 23.579473
905 903 20.638038
906 19594 19.984908
906 902 338.431742
907 905 23.579473
907 910 39.890655
908 904 20.645465
908 912 36.570566
909 19636 142.140677
909 910 53.225122
910 907 39.890655
910 909 53.225122
910 4334 81.893346
911 912 21.955225
911 4335 51.757461
912 922 685.656061
912 908 36.570566
912 911 21.955225
913 914 71.968949
913 10068 125.949539
914 4336 65.256297
914 913 71.968949
914 917 41.422640
915 4337 51.254328
915 916 20.654418
916 915 20.654418
916 918 38.497193
916 4331 982.555561
917 920 24.678322
917 914 41.422640
918 916 38.497193
918 919 18.891612
919 921 12.729221
919 918 18.891612
920 924 39.547121
920 917 24.678322
921 923 30.186805
921 919 12.729221
922 912 685.656061
922 4332 293.871831
923 26976 969.024461
923 921 30.186805
923 4337 69.151679
924 920 39.547121
924 4336 75.591862
924 26964 963.851672
925 10738 411.104983
925 4332 185.254470
926 932 230.908769
926 20085 17.735352
927 4310 89.117398
927 29278 1.636599
928 7418 264.975860
928 931 87.962497
929 6697 75.895476
929 4314 498.476081
930 8981 11.894545
930 935 604.469812
931 928 87.962497
931 934 97.376141
932 40556 89.784568
932 926 230.908769
933 6697 534.400549
933 939 567.724944
934 937 70.086689
934 931 97.376141
935 930 604.469812
935 941 359.663916
936 40556 6.741184
936 940 72.780078
937 938 72.514731
937 934 70.086689
938 937 72.514731
938 942 111.967196
939 6705 109.702819
939 933 567.724944
940 936 72.780078
940 943 73.464574
941 6711 237.714700
941 935 359.663916
942 945 93.176880
942 938 111.967196
942 15046 31.822662
943 940 73.464574
943 951 112.383764
944 6658 70.405335
944 6783 121.171672
945 949 142.797484
945 942 93.176880
946 6658 42.000349
946 7244 145.657550
947 7244 915.633474
947 956 18.931192
947 948 17.425772
948 947 17.425772
948 949 65.542777
948 957 19.354018
949 945 142.797484
949 948 65.542777
950 6770 1.725127
950 6711 25.947726
951 952 94.093691
951 943 112.383764
952 958 165.465017
952 951 94.093691
953 956 65.103823
953 9348 850.121351
953 959 33.523487
954 6664 6.534675
954 955 137.012394
955 954 137.012394
955 9348 52.779071
956 953 65.103823
956 947 18.931192
956 957 17.462737
956 965 49.814604
957 960 14.732451
957 956 17.462737
957 948 19.354018
957 958 44.755068
958 952 165.465017
958 961 26.053516
958 957 44.755068
959 953 33.523487
959 962 24.646325
960 964 34.147712
960 957 14.732451
961 963 21.520441
961 958 26.053516
962 965 25.357638
962 959 24.646325
963 961 21.520441
963 964 18.515516
964 960 34.147712
964 963 18.515516
964 967 145.053929
965 962 25.357638
965 956 49.814604
965 966 142.175093
966 965 142.175093
966 15367 155.509984
967 964 145.053929
967 9351 153.530492
968 970 47.288425
968 15367 11.914998
969 971 49.566688
969 9351 11.603632
970 968 47.288425
970 972 39.767592
971 969 49.566688
971 973 98.182708
972 970 39.767592
972 974 111.225378
973 971 98.182708
973 24893 12.630715
974 977 67.074006
974 972 111.225378
975 976 49.005672
975 24893 50.613280
976 978 48.712839
976 975 49.005672
977 979 47.021632
977 974 67.074006
978 976 48.712839
978 5960 29.748339
979 977 47.021632
979 981 87.361234
980 984 126.227839
980 5960 47.420402
981 979 87.361234
981 982 51.385773
982 981 51.385773
982 983 52.886609
983 985 51.024369
983 982 52.886609
984 5970 85.064349
984 980 126.227839
985 987 77.094468
985 983 51.024369
986 5970 25.570488
986 988 232.676201
987 985 77.094468
987 989 362.865538
988 986 232.676201
988 990 335.629397
989 987 362.865538
989 991 339.920317
990 20672 177.923369
990 988 335.629397
991 22691 37.495825
991 989 339.920317
992 265 3.467202
992 267 5.268638
993 117 19.185536
993 206 9.549070
994 32 56.988081
994 101 9.346226
995 383 11.567825
996 269 6.349892
996 997 6.290676
997 272 6.032340
997 996 6.290676
998 24181 13.777142
998 24182 13.492064
999 849 46.301014
999 430 85.822184
1000 24147 26.250422
1000 24183 9.006678
1001 43436 23.379166
1001 431 35.314251
1002 16517 28.001342
1002 16519 25.585826
1003 1004 21.475555
1003 16517 22.946406
1004 11043 28.552454
1004 1003 21.475555
1005 16500 23.660036
1005 16509 27.285574
1006 16514 27.850206
1006 16509 27.350608
1007 1009 118.844185
1007 24457 72.908772
1008 44464 9.096348
1008 40878 22.642954
1009 30129 128.585586
1009 1007 118.844185
1010 1436 76.795770
1010 454 38.971692
1011 19233 89.099130
1011 31332 168.854358
1012 1472 47.328266
1012 420 38.391279
1013 38034 78.986191
1013 1187 150.285084
1013 38077 64.749487
1014 38288 73.166465
1015 38288 23.532766
1015 1019 78.598753
1016 39632 28.512945
1016 1017 476.318645
1016 39636 33.866078
1017 1016 476.318645
1017 1018 739.809540
1018 1017 739.809540
1019 1022 81.826088
1019 1015 78.598753
1020 38296 55.723883
1020 38287 92.375907
1021 40875 35.628749
1021 36244 19.073806
